# Template: ASASSN-14ha_epoch_11
# Type: II IIP
# RLAP: 6.100
# Redshift: 0.003783
# Template Index: 4
# Flattened template spectrum
#wavelength[A] flux[arbitrary]
  3610.50723      0.00389
  3615.39846     -0.00666
  3620.29631      0.01189
  3625.20080     -0.00027
  3630.11193      0.00094
  3635.02971      0.02051
  3639.95416      0.01413
  3644.88528      0.02562
  3649.82308      0.01592
  3654.76757      0.01355
  3659.71875      0.02682
  3664.67665      0.03681
  3669.64126      0.02994
  3674.61259      0.02776
  3679.59066      0.02960
  3684.57548      0.02871
  3689.56705      0.03756
  3694.56538      0.03420
  3699.57048      0.03341
  3704.58236      0.03218
  3709.60103      0.01451
  3714.62650      0.02382
  3719.65878      0.01694
  3724.69787      0.02258
  3729.74380      0.02149
  3734.79655      0.00827
  3739.85616      0.00455
  3744.92262      0.00303
  3749.99594      0.01555
  3755.07613      0.03728
  3760.16321      0.03389
  3765.25718      0.02695
  3770.35804      0.00288
  3775.46582      0.02142
  3780.58052      0.03800
  3785.70215      0.04455
  3790.83072      0.04065
  3795.96623      0.02525
  3801.10870     -0.00283
  3806.25814     -0.02011
  3811.41455     -0.02710
  3816.57795     -0.01268
  3821.74834     -0.01404
  3826.92574     -0.01665
  3832.11016     -0.02102
  3837.30159     -0.00691
  3842.50006      0.01228
  3847.70557      0.01975
  3852.91813      0.00797
  3858.13776     -0.01011
  3863.36446     -0.02490
  3868.59823     -0.01196
  3873.83910      0.01391
  3879.08707      0.03730
  3884.34214      0.03227
  3889.60434      0.02625
  3894.87366      0.00277
  3900.15012     -0.03568
  3905.43374     -0.07893
  3910.72450     -0.09079
  3916.02244     -0.07600
  3921.32755     -0.04676
  3926.63985     -0.04962
  3931.95935     -0.06529
  3937.28606     -0.10440
  3942.61998     -0.11890
  3947.96112     -0.10233
  3953.30950     -0.04846
  3958.66513      0.01311
  3964.02801      0.03628
  3969.39816      0.05486
  3974.77558      0.05440
  3980.16029      0.06762
  3985.55229      0.06179
  3990.95160      0.05104
  3996.35822      0.04037
  4001.77217      0.02122
  4007.19345      0.01522
  4012.62207      0.00986
  4018.05805      0.00369
  4023.50139     -0.00011
  4028.95211     -0.00076
  4034.41021     -0.01000
  4039.87571     -0.01365
  4045.34861     -0.00643
  4050.82892     -0.00939
  4056.31666     -0.02447
  4061.81183     -0.03961
  4067.31445     -0.07682
  4072.82452     -0.09665
  4078.34206     -0.07922
  4083.86707     -0.03587
  4089.39957      0.01630
  4094.93956      0.04238
  4100.48705      0.05157
  4106.04206      0.06464
  4111.60460      0.07296
  4117.17467      0.09254
  4122.75229      0.08532
  4128.33747      0.07887
  4133.93021      0.05912
  4139.53053      0.05332
  4145.13843      0.04501
  4150.75393      0.02071
  4156.37704      0.02198
  4162.00777      0.01500
  4167.64612      0.01882
  4173.29211      0.01176
  4178.94576      0.01005
  4184.60706      0.01228
  4190.27603      0.00131
  4195.95268     -0.01102
  4201.63702     -0.01822
  4207.32906     -0.02205
  4213.02881     -0.01691
  4218.73629     -0.01753
  4224.45149     -0.01332
  4230.17444     -0.00894
  4235.90514     -0.00718
  4241.64361     -0.00689
  4247.38985     -0.01452
  4253.14387     -0.02089
  4258.90569     -0.01919
  4264.67531     -0.02280
  4270.45275     -0.02664
  4276.23802     -0.03006
  4282.03113     -0.03487
  4287.83208     -0.02572
  4293.64089     -0.04289
  4299.45757     -0.07150
  4305.28213     -0.10724
  4311.11458     -0.11465
  4316.95493     -0.07355
  4322.80320     -0.00997
  4328.65939      0.04751
  4334.52351      0.09901
  4340.39557      0.12432
  4346.27559      0.14801
  4352.16358      0.15366
  4358.05954      0.14796
  4363.96349      0.12548
  4369.87544      0.10063
  4375.79540      0.08048
  4381.72337      0.06594
  4387.65938      0.04471
  4393.60343      0.03265
  4399.55553      0.02425
  4405.51570      0.02403
  4411.48394      0.02363
  4417.46026      0.01458
  4423.44468      0.01033
  4429.43721      0.00730
  4435.43786     -0.00161
  4441.44664     -0.02067
  4447.46355     -0.05138
  4453.48862     -0.06865
  4459.52185     -0.05446
  4465.56325     -0.02841
  4471.61284     -0.01986
  4477.67062     -0.01202
  4483.73661     -0.00295
  4489.81082      0.00083
  4495.89326      0.02041
  4501.98393      0.01337
  4508.08286      0.00635
  4514.19005      0.00540
  4520.30551      0.00915
  4526.42926      0.00418
  4532.56130      0.00652
  4538.70165      0.00169
  4544.85032      0.00130
  4551.00732     -0.00160
  4557.17266      0.00516
  4563.34635      0.00884
  4569.52841      0.01219
  4575.71884      0.01220
  4581.91766      0.01108
  4588.12487      0.00346
  4594.34050     -0.00476
  4600.56454     -0.01032
  4606.79702     -0.00879
  4613.03794     -0.01382
  4619.28731     -0.02169
  4625.54515     -0.01958
  4631.81147     -0.01948
  4638.08628     -0.01042
  4644.36959     -0.01648
  4650.66141     -0.02377
  4656.96175     -0.03038
  4663.27063     -0.03065
  4669.58805     -0.03505
  4675.91404     -0.02720
  4682.24859     -0.02756
  4688.59173     -0.04193
  4694.94345     -0.04308
  4701.30379     -0.03349
  4707.67274     -0.03899
  4714.05032     -0.03740
  4720.43653     -0.03854
  4726.83140     -0.03882
  4733.23494     -0.04087
  4739.64714     -0.04423
  4746.06804     -0.04604
  4752.49763     -0.05569
  4758.93593     -0.05695
  4765.38296     -0.06378
  4771.83872     -0.06444
  4778.30322     -0.07141
  4784.77648     -0.07114
  4791.25852     -0.07075
  4797.74933     -0.07286
  4804.24894     -0.08419
  4810.75735     -0.12198
  4817.27458     -0.14610
  4823.80063     -0.15005
  4830.33553     -0.08365
  4836.87928      0.01030
  4843.43190      0.10728
  4849.99339      0.17241
  4856.56378      0.22460
  4863.14306      0.23315
  4869.73126      0.24644
  4876.32838      0.22535
  4882.93444      0.18823
  4889.54945      0.12640
  4896.17342      0.08851
  4902.80636      0.06512
  4909.44829      0.05181
  4916.09922      0.04261
  4922.75915      0.03504
  4929.42811      0.02400
  4936.10611      0.01404
  4942.79315      0.01001
  4949.48925      0.00475
  4956.19442     -0.00833
  4962.90868     -0.02207
  4969.63203     -0.03396
  4976.36449     -0.05293
  4983.10607     -0.06623
  4989.85678     -0.06237
  4996.61664     -0.04955
  5003.38565     -0.02637
  5010.16384     -0.00923
  5016.95121      0.00269
  5023.74777      0.00391
  5030.55354      0.01141
  5037.36853      0.01978
  5044.19276      0.02112
  5051.02623      0.01761
  5057.86895      0.00981
  5064.72095      0.00602
  5071.58222     -0.00580
  5078.45280     -0.00879
  5085.33268     -0.00610
  5092.22188     -0.01472
  5099.12041     -0.01321
  5106.02829     -0.01692
  5112.94553     -0.01367
  5119.87214     -0.03369
  5126.80813     -0.04657
  5133.75352     -0.05336
  5140.70832     -0.03875
  5147.67254     -0.02060
  5154.64620     -0.00050
  5161.62930      0.00586
  5168.62186      0.02332
  5175.62389      0.02584
  5182.63541      0.01907
  5189.65643      0.01806
  5196.68696      0.01453
  5203.72702      0.00402
  5210.77661      0.00342
  5217.83576      0.01126
  5224.90446     -0.00095
  5231.98274     -0.00475
  5239.07061     -0.00765
  5246.16809      0.00044
  5253.27518     -0.00084
  5260.39189     -0.00062
  5267.51825     -0.00766
  5274.65426     -0.01455
  5281.79994     -0.00865
  5288.95530     -0.00886
  5296.12035      0.00672
  5303.29511      0.00448
  5310.47959      0.00612
  5317.67380      0.00401
  5324.87776      0.01032
  5332.09148      0.00718
  5339.31497      0.00079
  5346.54825      0.00475
  5353.79132      0.00311
  5361.04421     -0.00361
  5368.30692     -0.00583
  5375.57948      0.00521
  5382.86188     -0.00506
  5390.15415     -0.01278
  5397.45630     -0.01566
  5404.76834     -0.00371
  5412.09029     -0.00970
  5419.42215     -0.01506
  5426.76395     -0.01537
  5434.11570     -0.00305
  5441.47740     -0.01431
  5448.84908     -0.00567
  5456.23074     -0.00365
  5463.62241     -0.00784
  5471.02409     -0.01149
  5478.43579     -0.01015
  5485.85754     -0.00576
  5493.28934     -0.00938
  5500.73121     -0.00083
  5508.18316     -0.00091
  5515.64520      0.00358
  5523.11736     -0.00280
  5530.59963     -0.00129
  5538.09205      0.00238
  5545.59461     -0.00056
  5553.10734      0.00406
  5560.63024     -0.00325
  5568.16334      0.00340
  5575.70664      0.00603
  5583.26016      0.00511
  5590.82391      0.00946
  5598.39791     -0.00399
  5605.98218     -0.00660
  5613.57671      0.00479
  5621.18154      0.00223
  5628.79666     -0.00291
  5636.42210     -0.00140
  5644.05788     -0.00650
  5651.70400     -0.00021
  5659.36047      0.00279
  5667.02732      0.00206
  5674.70455      0.00194
  5682.39219      0.00334
  5690.09024      0.00105
  5697.79872     -0.00242
  5705.51764     -0.00567
  5713.24702     -0.00258
  5720.98687     -0.00253
  5728.73720     -0.00874
  5736.49804      0.00067
  5744.26938      0.00038
  5752.05126      0.00189
  5759.84368      0.00519
  5767.64665      0.00042
  5775.46020     -0.00390
  5783.28433     -0.00200
  5791.11906      0.00217
  5798.96440      0.01221
  5806.82038      0.00276
  5814.68699      0.01427
  5822.56426      0.01503
  5830.45221      0.00090
  5838.35084     -0.01018
  5846.26017      0.01199
  5854.18021      0.03200
  5862.11099      0.05641
  5870.05250      0.06395
  5878.00478      0.06761
  5885.96783      0.07341
  5893.94167      0.07754
  5901.92631      0.07606
  5909.92177      0.05104
  5917.92805      0.05307
  5925.94519      0.05380
  5933.97318      0.04789
  5942.01206      0.04110
  5950.06182      0.04341
  5958.12249      0.03464
  5966.19407      0.03401
  5974.27659      0.03148
  5982.37007      0.02772
  5990.47450      0.01980
  5998.58992      0.01805
  6006.71633      0.02050
  6014.85374      0.01320
  6023.00219      0.00833
  6031.16167      0.01416
  6039.33220      0.00288
  6047.51380      0.00926
  6055.70649      0.00614
  6063.91028      0.01041
  6072.12518      0.01138
  6080.35121      0.00385
  6088.58838     -0.00263
  6096.83671      0.00388
  6105.09622     -0.01697
  6113.36691     -0.01451
  6121.64881      0.00851
  6129.94193      0.00407
  6138.24629      0.00336
  6146.56189      0.01050
  6154.88876      0.00570
  6163.22691      0.00124
  6171.57636     -0.00257
  6179.93711     -0.00441
  6188.30920     -0.00439
  6196.69262     -0.00090
  6205.08741     -0.00470
  6213.49356     -0.00330
  6221.91110     -0.00084
  6230.34005     -0.00569
  6238.78042     -0.01131
  6247.23222     -0.01598
  6255.69547     -0.02099
  6264.17018     -0.01169
  6272.65638     -0.02643
  6281.15407     -0.03389
  6289.66327     -0.04471
  6298.18401     -0.06300
  6306.71628     -0.09404
  6315.26011     -0.09639
  6323.81552     -0.09135
  6332.38252     -0.08481
  6340.96113     -0.08125
  6349.55135     -0.05202
  6358.15322     -0.03959
  6366.76673     -0.03507
  6375.39192     -0.02321
  6384.02879     -0.02259
  6392.67736     -0.02423
  6401.33765     -0.02940
  6410.00967     -0.03167
  6418.69343     -0.03191
  6427.38897     -0.04740
  6436.09628     -0.06415
  6444.81538     -0.05822
  6453.54630     -0.06830
  6462.28905     -0.06420
  6471.04364     -0.07109
  6479.81009     -0.08580
  6488.58842     -0.13461
  6497.37864     -0.17895
  6506.18077     -0.17970
  6514.99482     -0.09104
  6523.82082      0.05118
  6532.65877      0.19047
  6541.50869      0.29079
  6550.37060      0.36327
  6559.24452      0.43204
  6568.13046      0.43432
  6577.02843      0.45735
  6585.93847      0.44933
  6594.86057      0.37823
  6603.79476      0.31385
  6612.74105      0.23960
  6621.69946      0.16078
  6630.67001      0.08948
  6639.65271      0.03454
  6648.64758      0.02455
  6657.65463      0.00908
  6666.67389      0.00275
  6675.70537     -0.01379
  6684.74908     -0.02603
  6693.80504     -0.04076
  6702.87327     -0.04034
  6711.95379     -0.03810
  6721.04660     -0.05244
  6730.15174     -0.06211
  6739.26921     -0.05655
  6748.39903     -0.06508
  6757.54122     -0.06813
  6766.69580     -0.07152
  6775.86277     -0.06995
  6785.04217     -0.07606
  6794.23400     -0.07174
  6803.43829     -0.07232
  6812.65504     -0.06853
  6821.88428     -0.07495
  6831.12602     -0.06468
  6840.38028     -0.06834
  6849.64708     -0.02227
  6858.92644     -0.01263
  6868.21836     -0.07274
  6877.52287     -0.04507
  6886.83999     -0.04554
  6896.16973     -0.07574
  6905.51211     -0.06957
  6914.86714     -0.05969
  6924.23485     -0.05780
  6933.61525     -0.05450
  6943.00835     -0.05802
  6952.41419     -0.06083
  6961.83276     -0.06880
  6971.26409     -0.05537
  6980.70820     -0.05645
  6990.16511     -0.05708
  6999.63482     -0.05565
  7009.11737     -0.05888
  7018.61276     -0.05441
  7028.12101     -0.05603
  7037.64215     -0.04359
  7047.17618     -0.04224
  7056.72313     -0.04591
  7066.28301     -0.02780
  7075.85585     -0.03554
  7085.44165     -0.03708
  7095.04044     -0.03817
  7104.65223     -0.03894
  7114.27705     -0.03388
  7123.91490     -0.03589
  7133.56581     -0.03125
  7143.22979     -0.03070
  7152.90687     -0.02473
  7162.59705     -0.01593
  7172.30037      0.00964
  7182.01682      0.00961
  7191.74644      0.00383
  7201.48925     -0.00601
  7211.24525     -0.00532
  7221.01446     -0.00058
  7230.79692     -0.00588
  7240.59262      0.00350
  7250.40160     -0.00003
  7260.22386      0.00432
  7270.05943      0.00194
  7279.90832      0.00377
  7289.77056     -0.00023
  7299.64616      0.00185
  7309.53513     -0.00371
  7319.43750     -0.00017
  7329.35329     -0.00151
  7339.28251     -0.00071
  7349.22519     -0.00093
  7359.18133      0.00116
  7369.15096     -0.00140
  7379.13409      0.00037
  7389.13075     -0.00140
