# Template: ASASSN-14ha_epoch_10
# Type: II IIP
# RLAP: 6.195
# Redshift: 0.003470
# Template Index: 3
# Flattened template spectrum
#wavelength[A] flux[arbitrary]
  3610.50723     -0.00402
  3615.39846      0.01119
  3620.29631      0.00381
  3625.20080     -0.00067
  3630.11193      0.01782
  3635.02971      0.01592
  3639.95416      0.01706
  3644.88528      0.00922
  3649.82308      0.03501
  3654.76757      0.02831
  3659.71875      0.03018
  3664.67665      0.03089
  3669.64126      0.02925
  3674.61259      0.02148
  3679.59066      0.02611
  3684.57548      0.03209
  3689.56705      0.03517
  3694.56538      0.04003
  3699.57048      0.03264
  3704.58236      0.02724
  3709.60103      0.02477
  3714.62650      0.02175
  3719.65878      0.02825
  3724.69787      0.02018
  3729.74380      0.03600
  3734.79655      0.03105
  3739.85616      0.00886
  3744.92262      0.00482
  3749.99594      0.01858
  3755.07613      0.03553
  3760.16321      0.03203
  3765.25718      0.01445
  3770.35804      0.00258
  3775.46582      0.01804
  3780.58052      0.01974
  3785.70215      0.03392
  3790.83072      0.01745
  3795.96623      0.00510
  3801.10870     -0.00662
  3806.25814     -0.03172
  3811.41455     -0.01728
  3816.57795     -0.01165
  3821.74834     -0.00777
  3826.92574      0.00395
  3832.11016     -0.00122
  3837.30159      0.00950
  3842.50006      0.01534
  3847.70557      0.01389
  3852.91813     -0.00709
  3858.13776     -0.02708
  3863.36446     -0.03254
  3868.59823     -0.02371
  3873.83910      0.00973
  3879.08707      0.02702
  3884.34214      0.02925
  3889.60434      0.02337
  3894.87366      0.00767
  3900.15012     -0.02235
  3905.43374     -0.04135
  3910.72450     -0.04596
  3916.02244     -0.04010
  3921.32755     -0.02811
  3926.63985     -0.03112
  3931.95935     -0.06048
  3937.28606     -0.08895
  3942.61998     -0.10708
  3947.96112     -0.07810
  3953.30950     -0.04744
  3958.66513      0.00138
  3964.02801      0.02038
  3969.39816      0.03211
  3974.77558      0.04439
  3980.16029      0.03812
  3985.55229      0.03876
  3990.95160      0.03511
  3996.35822      0.03378
  4001.77217      0.01407
  4007.19345      0.01251
  4012.62207      0.01119
  4018.05805      0.01205
  4023.50139      0.01288
  4028.95211      0.00183
  4034.41021      0.00973
  4039.87571     -0.00363
  4045.34861     -0.00450
  4050.82892      0.00455
  4056.31666     -0.01409
  4061.81183     -0.04191
  4067.31445     -0.06667
  4072.82452     -0.07991
  4078.34206     -0.06663
  4083.86707     -0.03425
  4089.39957      0.02194
  4094.93956      0.04702
  4100.48705      0.05805
  4106.04206      0.06742
  4111.60460      0.07732
  4117.17467      0.07869
  4122.75229      0.07286
  4128.33747      0.06927
  4133.93021      0.05724
  4139.53053      0.03892
  4145.13843      0.02776
  4150.75393      0.02226
  4156.37704      0.02599
  4162.00777      0.01772
  4167.64612      0.01748
  4173.29211      0.01576
  4178.94576      0.00726
  4184.60706     -0.00100
  4190.27603     -0.00436
  4195.95268     -0.01008
  4201.63702     -0.00759
  4207.32906     -0.01666
  4213.02881     -0.01947
  4218.73629     -0.01541
  4224.45149     -0.01312
  4230.17444     -0.01199
  4235.90514     -0.01654
  4241.64361     -0.02550
  4247.38985     -0.03325
  4253.14387     -0.02092
  4258.90569     -0.02428
  4264.67531     -0.02370
  4270.45275     -0.01640
  4276.23802     -0.01317
  4282.03113     -0.01863
  4287.83208     -0.02692
  4293.64089     -0.03924
  4299.45757     -0.06900
  4305.28213     -0.09881
  4311.11458     -0.09877
  4316.95493     -0.06591
  4322.80320     -0.01474
  4328.65939      0.04361
  4334.52351      0.08458
  4340.39557      0.11816
  4346.27559      0.12176
  4352.16358      0.13250
  4358.05954      0.11873
  4363.96349      0.09352
  4369.87544      0.08728
  4375.79540      0.07064
  4381.72337      0.05497
  4387.65938      0.05058
  4393.60343      0.04013
  4399.55553      0.02268
  4405.51570      0.01869
  4411.48394      0.02821
  4417.46026      0.01625
  4423.44468      0.02187
  4429.43721      0.01791
  4435.43786      0.00492
  4441.44664     -0.02261
  4447.46355     -0.04266
  4453.48862     -0.03973
  4459.52185     -0.02541
  4465.56325      0.00078
  4471.61284      0.00345
  4477.67062      0.00629
  4483.73661      0.01681
  4489.81082      0.01897
  4495.89326      0.02042
  4501.98393      0.02264
  4508.08286      0.01444
  4514.19005      0.01320
  4520.30551      0.01046
  4526.42926      0.00376
  4532.56130     -0.01059
  4538.70165      0.00126
  4544.85032     -0.00364
  4551.00732     -0.01447
  4557.17266     -0.01026
  4563.34635     -0.00329
  4569.52841     -0.00376
  4575.71884     -0.00931
  4581.91766     -0.00586
  4588.12487     -0.01742
  4594.34050     -0.01633
  4600.56454     -0.02207
  4606.79702     -0.03508
  4613.03794     -0.02282
  4619.28731     -0.02778
  4625.54515     -0.02771
  4631.81147     -0.02838
  4638.08628     -0.01898
  4644.36959     -0.01952
  4650.66141     -0.02461
  4656.96175     -0.03006
  4663.27063     -0.02454
  4669.58805     -0.02698
  4675.91404     -0.03034
  4682.24859     -0.03467
  4688.59173     -0.03672
  4694.94345     -0.02971
  4701.30379     -0.02311
  4707.67274     -0.03954
  4714.05032     -0.02882
  4720.43653     -0.03418
  4726.83140     -0.03726
  4733.23494     -0.03764
  4739.64714     -0.03472
  4746.06804     -0.04518
  4752.49763     -0.05028
  4758.93593     -0.05456
  4765.38296     -0.05373
  4771.83872     -0.05997
  4778.30322     -0.05836
  4784.77648     -0.06069
  4791.25852     -0.05598
  4797.74933     -0.06852
  4804.24894     -0.08655
  4810.75735     -0.10327
  4817.27458     -0.13642
  4823.80063     -0.11223
  4830.33553     -0.04793
  4836.87928      0.03090
  4843.43190      0.10139
  4849.99339      0.16265
  4856.56378      0.17750
  4863.14306      0.20175
  4869.73126      0.21374
  4876.32838      0.18572
  4882.93444      0.14547
  4889.54945      0.10735
  4896.17342      0.07101
  4902.80636      0.06073
  4909.44829      0.04273
  4916.09922      0.02643
  4922.75915      0.02583
  4929.42811      0.01078
  4936.10611      0.00706
  4942.79315      0.00713
  4949.48925     -0.00265
  4956.19442     -0.00390
  4962.90868     -0.01025
  4969.63203     -0.02602
  4976.36449     -0.03795
  4983.10607     -0.04460
  4989.85678     -0.04367
  4996.61664     -0.02920
  5003.38565     -0.01632
  5010.16384     -0.00693
  5016.95121      0.00490
  5023.74777      0.00418
  5030.55354      0.00152
  5037.36853      0.01286
  5044.19276      0.00717
  5051.02623      0.00590
  5057.86895      0.00387
  5064.72095      0.00119
  5071.58222      0.00206
  5078.45280     -0.00823
  5085.33268     -0.00189
  5092.22188     -0.00045
  5099.12041     -0.00472
  5106.02829     -0.00565
  5112.94553     -0.01234
  5119.87214     -0.00636
  5126.80813     -0.02175
  5133.75352     -0.01498
  5140.70832     -0.00800
  5147.67254     -0.00189
  5154.64620      0.00854
  5161.62930      0.00968
  5168.62186      0.01771
  5175.62389      0.02221
  5182.63541     -0.00510
  5189.65643      0.00041
  5196.68696      0.00028
  5203.72702     -0.00230
  5210.77661      0.00251
  5217.83576     -0.00225
  5224.90446     -0.00594
  5231.98274     -0.00151
  5239.07061     -0.00266
  5246.16809     -0.00106
  5253.27518     -0.00204
  5260.39189     -0.00504
  5267.51825     -0.00413
  5274.65426     -0.00616
  5281.79994     -0.01661
  5288.95530     -0.01853
  5296.12035     -0.00397
  5303.29511      0.00512
  5310.47959      0.00238
  5317.67380     -0.00944
  5324.87776      0.00249
  5332.09148      0.00401
  5339.31497     -0.01100
  5346.54825     -0.00283
  5353.79132     -0.00469
  5361.04421      0.00181
  5368.30692     -0.00075
  5375.57948      0.00126
  5382.86188     -0.00507
  5390.15415     -0.01279
  5397.45630     -0.01547
  5404.76834     -0.00539
  5412.09029     -0.01929
  5419.42215     -0.02108
  5426.76395     -0.04828
  5434.11570     -0.05781
  5441.47740     -0.00978
  5448.84908     -0.00377
  5456.23074      0.00107
  5463.62241     -0.00186
  5471.02409     -0.00038
  5478.43579     -0.01226
  5485.85754      0.00774
  5493.28934     -0.01414
  5500.73121      0.00579
  5508.18316      0.00925
  5515.64520      0.00395
  5523.11736      0.00441
  5530.59963      0.00270
  5538.09205      0.00582
  5545.59461      0.00610
  5553.10734      0.00852
  5560.63024      0.00534
  5568.16334     -0.00201
  5575.70664      0.01431
  5583.26016      0.00503
  5590.82391      0.01152
  5598.39791     -0.00385
  5605.98218     -0.02515
  5613.57671     -0.00683
  5621.18154      0.00235
  5628.79666      0.00067
  5636.42210      0.00386
  5644.05788     -0.00657
  5651.70400     -0.00348
  5659.36047      0.00162
  5667.02732     -0.00112
  5674.70455     -0.00317
  5682.39219     -0.00778
  5690.09024     -0.00628
  5697.79872      0.00498
  5705.51764      0.01143
  5713.24702     -0.00453
  5720.98687      0.00017
  5728.73720     -0.00431
  5736.49804      0.00092
  5744.26938      0.01012
  5752.05126      0.00949
  5759.84368      0.00550
  5767.64665     -0.00150
  5775.46020      0.00028
  5783.28433      0.00951
  5791.11906      0.00483
  5798.96440      0.00149
  5806.82038      0.01941
  5814.68699      0.02163
  5822.56426     -0.00086
  5830.45221     -0.01138
  5838.35084     -0.00785
  5846.26017      0.02849
  5854.18021      0.05226
  5862.11099      0.07209
  5870.05250      0.08678
  5878.00478      0.07589
  5885.96783      0.09419
  5893.94167      0.08890
  5901.92631      0.07846
  5909.92177      0.04459
  5917.92805      0.04413
  5925.94519      0.05172
  5933.97318      0.04512
  5942.01206      0.03562
  5950.06182      0.04651
  5958.12249      0.03815
  5966.19407      0.03546
  5974.27659      0.03709
  5982.37007      0.03006
  5990.47450      0.02481
  5998.58992      0.02123
  6006.71633      0.02172
  6014.85374      0.01524
  6023.00219      0.01764
  6031.16167      0.00497
  6039.33220      0.00579
  6047.51380      0.01846
  6055.70649      0.01209
  6063.91028      0.02023
  6072.12518      0.00464
  6080.35121     -0.00043
  6088.58838      0.00097
  6096.83671      0.00065
  6105.09622     -0.00694
  6113.36691     -0.00378
  6121.64881      0.00753
  6129.94193      0.01511
  6138.24629      0.01478
  6146.56189     -0.00897
  6154.88876     -0.00623
  6163.22691     -0.00402
  6171.57636      0.00197
  6179.93711     -0.00263
  6188.30920     -0.00746
  6196.69262     -0.01212
  6205.08741     -0.00291
  6213.49356     -0.01417
  6221.91110     -0.01089
  6230.34005     -0.01224
  6238.78042     -0.01926
  6247.23222     -0.02725
  6255.69547     -0.02061
  6264.17018     -0.03210
  6272.65638     -0.03924
  6281.15407     -0.03779
  6289.66327     -0.04706
  6298.18401     -0.05754
  6306.71628     -0.07009
  6315.26011     -0.06238
  6323.81552     -0.06711
  6332.38252     -0.06489
  6340.96113     -0.05612
  6349.55135     -0.02987
  6358.15322     -0.03292
  6366.76673     -0.02935
  6375.39192     -0.03659
  6384.02879     -0.02188
  6392.67736     -0.03573
  6401.33765     -0.03235
  6410.00967     -0.03425
  6418.69343     -0.04739
  6427.38897     -0.04914
  6436.09628     -0.06202
  6444.81538     -0.07000
  6453.54630     -0.05973
  6462.28905     -0.06878
  6471.04364     -0.06767
  6479.81009     -0.09160
  6488.58842     -0.13537
  6497.37864     -0.15993
  6506.18077     -0.14849
  6514.99482     -0.06764
  6523.82082      0.06321
  6532.65877      0.14148
  6541.50869      0.22215
  6550.37060      0.27952
  6559.24452      0.33537
  6568.13046      0.34462
  6577.02843      0.37194
  6585.93847      0.38550
  6594.86057      0.31088
  6603.79476      0.27065
  6612.74105      0.19657
  6621.69946      0.10956
  6630.67001      0.04099
  6639.65271      0.01700
  6648.64758      0.01920
  6657.65463      0.01000
  6666.67389      0.00449
  6675.70537     -0.01856
  6684.74908     -0.00829
  6693.80504     -0.01245
  6702.87327     -0.02281
  6711.95379     -0.03277
  6721.04660     -0.04628
  6730.15174     -0.04568
  6739.26921     -0.04521
  6748.39903     -0.03929
  6757.54122     -0.04072
  6766.69580     -0.05511
  6775.86277     -0.06236
  6785.04217     -0.06685
  6794.23400     -0.06319
  6803.43829     -0.07058
  6812.65504     -0.05995
  6821.88428     -0.07371
  6831.12602     -0.06793
  6840.38028     -0.06162
  6849.64708     -0.00209
  6858.92644      0.01871
  6868.21836     -0.06503
  6877.52287     -0.04276
  6886.83999     -0.04305
  6896.16973     -0.05639
  6905.51211     -0.04828
  6914.86714     -0.05684
  6924.23485     -0.04931
  6933.61525     -0.04856
  6943.00835     -0.05874
  6952.41419     -0.05171
  6961.83276     -0.06001
  6971.26409     -0.05003
  6980.70820     -0.05025
  6990.16511     -0.04997
  6999.63482     -0.03735
  7009.11737     -0.05658
  7018.61276     -0.03993
  7028.12101     -0.04737
  7037.64215     -0.02736
  7047.17618     -0.02395
  7056.72313     -0.01930
  7066.28301      0.01004
  7075.85585     -0.01998
  7085.44165     -0.00979
  7095.04044     -0.01945
  7104.65223     -0.01562
  7114.27705     -0.02253
  7123.91490     -0.02054
  7133.56581     -0.00751
  7143.22979     -0.02121
  7152.90687     -0.00330
  7162.59705     -0.01326
  7172.30037     -0.00353
  7182.01682     -0.01919
  7191.74644     -0.02004
  7201.48925     -0.01951
  7211.24525      0.00061
  7221.01446      0.00306
  7230.79692     -0.00784
  7240.59262     -0.01230
  7250.40160     -0.00693
  7260.22386     -0.00062
  7270.05943     -0.00634
  7279.90832      0.00102
  7289.77056     -0.00353
  7299.64616     -0.00013
  7309.53513     -0.00587
  7319.43750      0.00124
  7329.35329     -0.00165
  7339.28251      0.00311
  7349.22519     -0.00306
  7359.18133      0.00189
  7369.15096     -0.00270
  7379.13409      0.00375
  7389.13075     -0.00196
  7399.14095      0.00280
